64
1
2
3
4
5
6
7
8
9
10
11
12
13
14
15
16
17
18
19
20
21
22
23
24
25
26
27
28
29
30
31
32
33
34
35
36
37
38
39
40
41
42
43
44
45
46
47
48
49
50
51
52
53
54
55
56
57
58
59
60
61
62
63
64
1 2
1 5
1 17
2 3
2 6
2 18
3 4
3 7
3 19
4 8
4 20
5 6
5 9
5 21
6 7
6 10
6 22
7 8
7 11
7 23
8 12
8 24
9 10
9 13
9 25
10 11
10 14
10 26
11 12
11 15
11 27
12 16
12 28
13 14
13 29
14 15
14 30
15 16
15 31
16 32
17 18
17 21
17 33
18 19
18 22
18 34
19 20
19 23
19 35
20 24
20 36
21 22
21 25
21 37
22 23
22 26
22 38
23 24
23 27
23 39
24 28
24 40
25 26
25 29
25 41
26 27
26 30
26 42
27 28
27 31
27 43
28 32
28 44
29 30
29 45
30 31
30 46
31 32
31 47
32 48
33 34
33 37
33 49
34 35
34 38
34 50
35 36
35 39
35 51
36 40
36 52
37 38
37 41
37 53
38 39
38 42
38 54
39 40
39 43
39 55
40 44
40 56
41 42
41 45
41 57
42 43
42 46
42 58
43 44
43 47
43 59
44 48
44 60
45 46
45 61
46 47
46 62
47 48
47 63
48 64
49 50
49 53
50 51
50 54
51 52
51 55
52 56
53 54
53 57
54 55
54 58
55 56
55 59
56 60
57 58
57 61
58 59
58 62
59 60
59 63
60 64
61 62
62 63
63 64
